MAX-MIN(SD):225.9768
MAX-MIN(PINB):693.7534
MAX-MIN(POUTB):693.7534
MAX-MIN(TINB):6621.54029
MAX-MIN(TOUTB):6653.5
MAX-MIN(Q):902902.1
MAX-MIN(REVHP):11618.02
MAX-MIN(REVLP):10291.188
MAX-MIN(REVWE):10000.0915555
MAX-MIN(TFIRE):6728.5
MAX-MIN(CF):84.047723
